9796
7059
10016
12805
10606
9116
5694
11700
10330
7363
11808
12042
12505
10275
5486
8002
10579
11565
9508
14612
8050
14999
13361
7963
5674
13070
6835
11920
9235
14219
7719
11657
11754
7386
8257
11136
9462
7901
12359
5583
6794
6850
5241
10645
7229
6175
7202
6040
8604
14812
8429
7168
13035
10252
7606
14216
11317
9815
11994
11646
14820
9010
14702
12275
14660
6237
6642
8574
8618
12771
13477
12838
14433
10596
8514
10385
9446
12599
13497
11856
5687
9501
13128
10291
11837
12057
6652
7001
8154
10826
13960
12402
8967
10799
13953
13959
11987
6348
5335
10840
12671
10290
7985
8451
7464
6613
12501
9948
8605
13714
10971
7976
5508
5716
13316
11416
5236
13418
14739
5814
6274
9196
12006
10911
13037
9607
13759
13704
8546
11599
9926
12864
10064
5316
14849
13954
8838
14813
6486
13852
11186
14540
7421
9549
11941
9188
11795
5932
6488
11883
9475
6613
12904
14280
12882
5674
5806
10464
6075
12723
11116
7543
7730
13813
7694
5892
10207
7764
7662
7053
9101
14704
8424
6797
12293
5006
9858
10669
5078
9116
5556
7014
14909
10829
11520
7478
12559
13875
5708
13727
5535
10979
6241
6673
5642
14627
12872
7498
11417
10077
12791
7944
9583
14345
10908
12060
5446
7397
8295
7129
6960
7783
14885
5023
10806
5089
5357
7896
10678
5607
14851
9968
14743
9317
13750
8744
9159
13466
8150
8173
14456
5156
8523
11040
5210
9649
8697
5212
5481
8685
8414
13836
9841
11270
14880
9173
5286
9995
13010
7083
12570
8367
10968
12576
8431
6489
7115
11490
8135
8025
11475
7299
5790
7878
9660
8249
6940
6416
14278
7642
6093
11412
9051
9994
12220
6756
7130
11062
8842
10540
11155
14209
11360
8526
10141
7057
13419
5436
12004
6965
6218
5084
6649
12973
10381
5179
12213
12661
11226
7652
14261
12264
13127
10701
11406
8105
9335
11141
12028
13071
10350
8233
8405
11241
12959
13979
13525
7093
6222
10640
13328
5066
11180
12552
13494
10216
5989
10266
11054
13707
5570
5801
7975
10181
7259
12034
6991
11936
12323
5862
9428
9721
6779
5813
5622
9625
6654
12602
13287
12688
11897
5024
14056
7924
10062
5242
10006
5837
7254
5945
10262
7780
12941
10836
12240